124 550
329 178
667 705
312 315
619 806
269 732
329 751
10 28
465 606
917 961
298 557
15 703
452 743
120 997
212 386
172 635
205 255
139 289
636 771
175 824
41 961
759 777
35 363
32 739
364 456
24 128
12 934
542 607
765 803
169 647
636 714
382 458
272 851
277 594
251 696
696 843
166 614
765 973
370 917
754 332
915 990
390 662
238 460
296 422
61 185
71 689
468 637
134 274
356 997
397 449
580 906
769 990
579 684
409 622
13 657
108 617
114 409
107 475
256 480
299 364
530 787
318 488
22 59
142 927
357 823
172 597
73 327
803 850
685 771
401 437
64 422
133 293
961 998
414 494
74 829
2 294
42 572
697 791
307 401
306 428
386 941
494 989
212 275
21 517
445 492
96 519
348 815
379 942
37 532
499 819
277 432
256 564
300 709
636 750
356 585
712 783
568 683
126 876
92 148
89 359
844 998
502 800
360 835
321 592
231 391
316 624
93 173
372 770
275 621
511 825
96 535
323 907
355 482
627 953
125 295
716 384
626 996
167 949
717 914
679 914
969 998
252 770
541 798
675 909
174 294
22 407
218 902
81 353
155 244
260 861
4 205
148 578
208 369
238 478
689 857
8 849
98 774
150 787
84 253
38 128
346 739
485 809
629 772
523 424
129 801
62 748
453 805
388 871
344 616
140 371
600 922
397 576
414 890
224 263
505 747
4 730
579 586
195 361
67 219
368 512
215 963
384 914
288 520
554 650
287 911
361 449
254 720
514 679
9 840
295 370
561 660
570 610
458 544
102 988
197 239
205 249
153 425
194 980
789 883
326 983
502 981
334 939
173 699
908 953
47 140
501 709
86 923
339 672
1 369
224 521
581 617
18 459
209 602
607 911
834 848
355 857
134 300
14 64
506 777
618 699
91 931
98 139
137 510
543 811
69 716
348 697
70 904
5 770
38 750
158 543
265 731
395 986
897 867
297 634
225 492
10 597
373 767
463 901
334 590
138 536
721 835
240 384
589 894
948 998
606 735
161 839
586 594
303 647
420 543
587 676
192 636
308 825
479 936
83 360
105 265
677 804
714 795
677 698
259 357
362 576
75 638
887 997
242 469
143 777
252 865
212 746
387 556
205 818
9 205
178 404
633 750
84 568
914 986
366 666
781 923
669 939
109 560
660 773
185 874
356 497
663 944
32 69
156 267
191 628
57 192
391 911
396 653
706 790
598 991
272 511
26 355
421 933
595 690
217 545
463 948
562 668
114 984
640 683
751 848
205 562
513 916
225 542
193 642
760 921
404 832
131 967
821 863
497 638
189 420
735 793
548 817
493 736
232 675
186 911
239 701
32 959
298 913
472 716
248 983
119 586
472 532
8 953
896 448
799 895
130 159
412 438
54 267
76 598
178 601
54 234
284 574
89 436
982 694
255 435
204 500
250 401
193 452
446 635
41 310
563 960
851 862
516 932
5 299
472 772
440 710
289 697
219 256
166 316
933 572
485 793
208 968
360 475
136 155
768 922
198 287
571 696
436 754
444 966
78 993
946 430
432 797
470 916
23 265
576 909
60 942
684 766
794 833
143 870
100 250
83 388
145 453
399 824
242 423
171 465
136 599
459 920
432 976
254 285
160 666
266 797
416 967
43 466
337 214
210 587
130 708
280 543
499 564
601 952
42 872
116 123
414 530
486 812
123 311
817 990
245 496
477 614
634 943
667 748
127 162
337 463
410 853
361 864
342 927
180 998
146 505
124 541
98 141
129 521
250 69
200 621
137 512
377 975
527 891
7 821
673 776
958 995
349 698
653 540
273 817
601 706
13 541
69 163
416 673
115 355
31 387
61 787
454 966
362 925
325 369
174 617
159 625
641 901
381 395
51 479
212 665
393 615
454 636
278 894
167 620
67 665
136 715
276 643
116 802
354 651
583 826
610 863
649 869
229 668
595 756
155 830
257 985
222 255
244 473
791 805
209 761
28 621
453 962
337 455
253 695
279 982
112 682
588 736
241 599
151 505
178 532
142 438
811 855
65 620
722 846
129 654
15 669
482 780
173 474
944 950
261 816
321 497
64 113
966 244
216 962
680 828
199 706
344 879
666 937
570 330
47 787
69 591
76 175
66 221
30 738
258 662
898 788
265 893
156 602
180 687
921 978
409 890
554 838
534 718
464 727
271 688
228 883
149 207
447 774
719 752
610 997
34 345
127 554
297 361
6 45
710 755
268 648
175 403
782 977
203 666
318 737
450 897
614 840
739 879
37 314
489 586
135 639
466 921
189 476
54 856
444 570
741 945
497 883
18 475
192 466
184 612
66 599
156 577
65 916
112 440
276 938
105 434
133 370
407 848
552 561
130 547
492 608
37 203
497 586
795 837
404 721
66 324
448 636
7 756
778 784
18 840
134 571
169 957
152 813
290 806
32 200
983 12
418 426
69 384
146 980
69 739
361 810
806 913
497 578
365 623
473 630
165 464
623 884
50 822
51 955
502 902
89 157
110 569
81 756
658 823
797 861
89 123
611 923
391 477
630 713
129 439
656 694
59 740
235 858
143 755
52 182
501 918
371 983
568 785
31 206
664 809
98 893
11 132
920 553
657 947
134 527
144 902
341 370
467 931
215 500
252 993
186 994
340 762
77 542
60 215
514 947
369 864
318 679
176 300
164 262
278 355
189 312
520 807
957 967
544 579
576 797
628 766
326 529
230 528
799 853
607 685
379 973
703 876
658 986
292 721
298 674
423 814
906 568
160 339
450 969
54 84
788 923
390 443
837 993
494 938
645 63
307 849
368 888
721 968
139 939
55 876
155 450
168 708
318 860
225 851
244 385
284 793
322 790
663 909
172 529
48 442
335 818
67 620
818 987
123 735
321 332
185 532
298 442
73 547
449 906
534 639
187 828
175 696
14 688
123 513
280 822
421 775
882 920
185 600
936 986
236 777
6 432
200 455
279 906
649 982
402 470
51 116
48 109
47 248
92 431
387 848
239 760
246 728
498 749
194 765
634 959
553 916
439 816
75 316
622 629
825 970
284 478
795 994
546 872
54 567
729 976
460 592
556 835
68 268
389 882
985 957
325 586
98 909
125 924
76 613
26 490
37 550
289 744
158 290
877 912
114 927
64 684
56 194
459 809
28 203
162 896
74 342
9 449
81 827
99 442
113 937
698 961
430 961
95 536
172 745
43 490
244 979
337 909
804 992
24 59
548 763
490 658
553 826
734 776
769 976
139 638
208 714
909 976
97 583
287 422
42 940
805 820
167 931
313 648
778 895
445 983
399 719
208 613
56 898
894 901
327 431
778 945
194 243
171 938
740 921
918 269
9 13
652 679
151 337
222 624
418 874
851 1000
257 685
349 934
971 1000
558 697
596 793
222 295
449 647
133 897
48 292
365 767
153 404
103 612
445 453
139 813
422 427
37 71
493 912
550 725
402 559
550 767
336 415
520 848
623 710
46 376
540 605
343 451
155 600
228 274
251 895
148 816
279 688
173 524
307 567
33 346
546 934
194 986
666 886
1 735
464 648
189 612
742 986
86 905
407 763
436 866
298 970
929 988
457 517
196 971
53 284
237 946
76 393
8 620
50 98
245 704
186 485
233 409
841 996
344 892
26 782
32 270
287 555
510 596
722 736
193 517
184 579
535 821
129 498
89 963
397 525
122 328
529 627
523 559
153 642
402 835
174 311
255 389
543 589
110 841
168 885
112 743
535 706
845 937
107 290
308 361
467 964
300 564
386 613
205 212
103 449
617 693
35 730
84 245
281 309
884 346
406 870
542 546
292 895
769 992
700 803
657 860
802 388
105 734
383 533
259 697
395 999
284 396
451 898
174 255
65 82
281 874
105 711
437 559
149 859
71 172
134 635
832 911
318 411
329 797
141 503
199 923
57 693
186 935
215 504
330 416
225 565
308 592
375 885
561 589
333 512
619 897
682 937
676 797
128 877
74 319
710 727
339 351
801 1000
307 541
188 604
660 783
530 531
334 469
286 822
208 506
241 327
437 461
64 536
243 431
329 775
122 504
84 334
859 959
127 230
243 885
605 940
806 937
403 689
405 445
114 634
161 956
222 664
92 399
637 924
114 603
909 983
4 87
42 320
380 501
290 863
69 837
256 804
316 683
252 900
51 383
246 271
471 956
329 370
254 962
465 678
43 210
367 557
50 296
103 260
916 939
303 362
571 666
171 174
102 438
676 794
664 801
895 317
263 897
110 163
461 907
144 922
436 453
155 436
94 588
10 945
583 680
468 513
299 373
156 465
289 905
208 351
735 809
45 400
150 252
52 504
434 562
514 979
497 605
162 894
218 886
619 914
155 235
227 844
633 278
475 588
113 611
542 832
629 932
28 406
144 311
464 734
286 652
338 915
48 146
126 769
293 309
315 387
523 590
113 549
16 229
750 365
425 907
299 518
410 590
532 829
985 989
458 839
292 522
728 921
85 580
138 909
135 80
315 581
159 781
24 639
138 438
371 604
658 985
80 476
1 350
34 746
52 487
466 374
610 802
