470 745
706 882
449 911
552 825
510 596
181 523
547 888
444 599
708 797
112 580
57 283
190 268
4 372
879 970
239 327
72 598
271 290
227 669
311 447
212 718
288 353
153 702
80 780
374 868
472 511
21 424
447 881
150 855
452 906
337 703
4 824
43 722
442 870
151 687
112 790
400 409
271 847
429 819
495 776
275 731
329 628
50 737
364 913
244 812
277 781
675 757
789 957
395 664
547 726
561 745
33 369
292 594
198 764
52 209
211 809
171 462
704 762
604 812
69 520
37 789
382 448
500 860
109 896
121 370
763 825
747 803
346 828
403 436
45 839
574 664
522 837
498 865
403 815
907 922
556 878
578 898
347 534
227 398
206 637
34 325
581 838
387 770
621 669
11 617
468 602
707 720
381 498
396 891
585 669
433 976
140 803
22 862
410 783
26 472
451 698
884 963
193 961
301 562
180 727
552 941
404 964
383 407
362 383
374 677
118 320
307 848
612 900
665 973
102 224
523 543
89 782
581 749
459 798
217 293
527 770
260 579
236 744
282 759
239 632
431 606
155 771
46 241
243 413
282 935
57 311
102 935
61 93
611 925
663 908
124 762
380 384
68 110
345 640
350 675
556 979
556 692
280 628
85 970
762 813
411 577
477 501
124 318
367 891
1 482
148 799
634 694
222 591
412 447
541 624
121 465
313 322
42 986
157 513
851 910
323 507
203 922
579 912
50 741
170 403
615 668
288 961
308 746
148 404
204 305
54 661
416 764
325 683
698 757
650 797
450 659
302 479
601 629
222 492
744 949
351 713
473 499
186 903
140 452
94 399
138 806
49 629
208 304
526 775
220 753
166 260
677 722
553 595
165 945
80 419
13 644
49 246
221 729
711 773
93 340
106 647
75 694
925 962
488 539
192 366
222 330
232 497
688 886
82 813
80 681
410 419
101 892
281 647
610 786
352 432
220 301
730 962
704 754
62 95
232 849
189 981
369 385
559 723
75 456
18 372
200 488
659 979
115 292
743 860
281 427
455 788
609 899
247 809
167 826
644 822
3 422
372 863
543 815
710 898
376 789
491 876
181 588
169 773
541 791
139 560
655 901
247 276
313 459
702 960
889 924
427 861
279 308
542 760
125 187
42 220
929 930
303 659
83 823
26 613
518 861
408 835
84 416
84 238
536 745
82 542
720 941
329 575
802 975
54 600
91 486
53 72
114 291
163 995
535 867
641 749
676 734
477 806
477 749
360 701
119 719
306 719
209 978
196 933
215 712
161 955
364 366
234 449
390 763
237 1000
201 913
644 977
309 635
237 498
69 376
717 939
537 679
128 241
510 718
85 768
258 960
683 775
492 625
330 511
297 539
125 330
195 539
35 680
348 736
390 708
79 620
543 769
69 362
880 942
794 920
502 604
76 314
769 966
274 386
783 961
393 429
421 794
696 809
772 812
223 818
18 233
112 594
328 341
281 956
61 435
49 678
34 231
251 527
115 641
35 623
83 657
127 946
240 601
717 758
44 355
348 492
315 612
108 872
83 603
588 742
180 924
465 953
155 824
634 876
128 666
38 763
230 384
349 453
552 996
45 674
659 879
306 623
239 247
397 850
839 910
159 492
710 885
20 128
433 437
149 648
220 731
102 319
589 625
286 334
364 439
483 744
453 904
198 504
332 420
670 888
193 479
413 767
427 632
62 965
142 203
191 217
334 348
403 991
72 777
389 667
183 392
308 966
433 740
170 582
148 821
416 514
612 789
133 618
517 777
418 780
815 957
133 616
94 118
263 819
111 301
229 482
403 868
113 384
123 910
11 855
362 748
136 318
246 299
610 933
183 371
26 809
478 619
18 384
221 901
103 325
463 599
811 970
30 172
86 889
412 599
336 583
125 188
466 828
569 935
22 887
214 266
4 199
110 328
50 723
270 919
637 640
594 673
363 815
445 490
30 493
170 575
54 671
519 727
338 364
47 205
173 302
121 627
480 977
298 689
108 721
177 885
305 961
125 690
345 804
102 702
106 818
235 250
99 862
208 328
241 778
585 751
80 192
262 797
34 782
287 979
225 284
245 553
2 602
27 895
506 893
921 942
617 765
529 735
623 896
123 745
702 828
414 996
35 273
58 190
519 764
30 532
600 794
177 577
7 901
353 852
391 397
779 949
184 538
155 886
722 743
518 642
128 594
78 646
455 967
667 772
98 431
126 823
514 971
159 393
550 830
363 750
154 460
666 906
972 973
245 999
513 871
430 836
129 370
381 471
711 756
326 584
166 795
213 735
712 841
184 862
282 380
189 235
776 982
409 669
304 720
462 894
368 491
529 626
302 704
139 632
775 994
189 691
447 844
460 824
726 778
214 950
547 664
437 758
502 982
306 934
244 486
24 790
748 810
84 475
302 432
220 345
82 389
126 784
474 476
357 397
137 996
244 943
445 825
253 604
201 672
817 945
57 479
410 631
405 434
386 503
247 509
971 987
537 866
687 922
92 919
24 830
364 903
198 963
224 937
66 967
192 296
375 613
50 864
69 679
246 469
310 879
31 941
386 511
315 999
138 408
95 655
223 940
449 541
461 788
66 311
567 692
695 855
567 912
204 434
67 718
114 796
43 304
444 733
166 449
85 581
852 937
791 970
367 972
363 465
303 364
411 684
298 904
444 448
54 763
178 654
222 545
309 422
390 716
234 337
690 948
22 756
538 569
370 709
506 683
360 424
39 660
54 77
689 859
48 724
69 542
271 943
161 423
268 443
183 674
92 547
239 274
430 847
297 977
11 425
52 713
41 523
715 963
193 558
113 744
377 384
651 910
117 996
395 838
336 787
471 917
221 341
417 669
805 839
589 801
212 345
210 439
209 989
484 864
190 989
437 630
654 655
406 924
290 905
29 662
260 677
403 958
538 989
83 488
271 870
372 637
146 288
629 998
361 609
148 417
352 425
783 828
15 377
239 483
120 417
107 811
194 332
145 361
448 714
163 837
575 693
556 907
133 545
469 897
321 362
313 910
5 650
1 444
277 655
908 973
343 861
781 838
407 410
187 956
25 913
852 976
62 825
393 941
212 662
140 235
78 946
417 887
127 914
266 925
572 746
144 768
199 767
38 890
342 503
299 803
163 728
706 953
342 410
65 534
417 520
446 647
251 809
38 604
155 734
216 969
430 823
737 934
79 246
76 647
314 620
472 929
567 892
518 811
7 821
130 762
703 727
432 649
845 949
733 990
437 590
109 892
665 883
161 472
64 533
8 591
124 795
89 665
825 930
70 426
224 836
177 361
40 317
161 505
276 802
406 968
155 381
549 889
561 692
424 642
636 839
275 619
414 625
258 836
346 571
541 594
470 922
511 992
47 904
197 980
227 904
502 870
34 606
636 927
99 145
166 413
138 758
550 564
799 850
682 994
515 565
215 888
324 751
640 736
448 862
22 558
145 755
5 599
390 709
127 582
166 745
766 871
552 807
59 87
189 876
160 788
319 933
727 765
43 68
284 460
425 632
590 722
313 908
219 417
336 339
347 891
367 626
414 855
155 904
220 611
77 335
366 407
334 436
385 982
349 877
379 480
976 996
201 293
87 806
304 590
366 423
440 530
842 935
141 188
138 173
178 695
207 534
458 611
268 457
25 653
313 630
480 494
379 556
622 919
291 311
61 186
108 197
499 734
666 755
297 487
484 591
861 904
633 936
646 955
107 447
150 758
97 347
254 274
405 508
743 749
498 523
17 854
85 178
652 890
217 806
168 388
242 263
584 753
460 717
127 145
296 460
489 863
775 844
447 579
152 637
72 864
470 999
695 761
1 541
487 873
53 492
346 684
206 825
495 500
135 889
210 894
50 130
338 566
361 482
450 559
807 924
401 952
182 761
208 389
180 623
304 436
536 732
368 530
402 771
560 811
238 983
2 197
346 763
235 541
505 982
695 698
382 406
64 362
720 797
346 432
406 500
43 777
303 401
306 664
279 499
401 645
12 696
162 967
100 814
209 988
90 358
325 455
489 622
479 553
727 855
677 817
237 724
274 558
541 616
223 960
124 706
787 819
309 570
685 959
214 537
30 505
143 528
57 768
162 603
175 533
509 520
54 827
237 405
91 993
191 597
492 774
466 698
117 836
316 582
192 406
183 476
50 397
530 650
384 671
404 946
178 864
559 936
48 891
466 869
753 931
104 601
423 515
500 752
52 202
377 777
435 505
220 597
342 578
105 385
115 505
62 344
618 820
188 783
708 738
479 639
106 465
56 791
279 925
178 377
175 588
558 678
427 919
427 830
261 765
617 872
32 654
176 641
549 562
324 669
424 747
281 683
125 606
173 999
505 911
153 942
129 646
177 607
490 668
211 473
817 970
772 824
588 769
294 424
197 954
532 903
352 936
209 229
29 602
305 941
769 889
421 962
608 975
301 804
321 956
362 400
373 981
215 420
128 383
130 172
418 783
530 993
69 222
280 527
105 321
475 987
284 564
28 653
577 831
276 472
621 988
34 826
234 805
181 487
173 526
605 667
85 979
242 492
355 718
